 Algorithm  N Stations    K Ready     I Start   X Scenarios  % Success  % Collision   % Idle    
--------------------------------------------------------------------------------------------------------
 Advanced      1024          1           0          100       100.00       0.00        0.00     
 Advanced      1024          2           1          100        71.80       17.45       10.75    
 Advanced      1024          4           2          100        56.31       21.82       21.87    
 Advanced      1024          8           3          100        53.44       22.73       23.83    
 Advanced      1024         16           4          100        50.65       22.50       26.85    
 Advanced      1024         32           5          100        49.06       22.65       28.29    
 Advanced      1024         64           6          100        50.40       22.52       27.08    
 Advanced      1024         128          7          100        53.19       21.61       25.20    
 Advanced      1024         256          8          100        57.55       20.29       22.16    
 Advanced      1024         512          9          100        66.50       16.78       16.72    
 Advanced      1024        1024         10          100       100.00       0.00        0.00     
